 9606 nuc       20   0  556164 129288  58284 R  39,2  0,8   0:01.18 python3
 9606 nuc       20   0 2391584 380052  97520 S 261,1  2,3   0:09.04 python3
 9606 nuc       20   0 2440736 384136  97520 S 361,1  2,4   0:19.91 python3
 9606 nuc       20   0 2440736 382908  97520 S 367,4  2,3   0:30.97 python3
 9606 nuc       20   0 2440736 395352  97520 S 363,8  2,4   0:41.92 python3
 9606 nuc       20   0 2440736 382900  97520 S 364,5  2,3   0:52.89 python3
 9606 nuc       20   0 2440736 395032  97520 S 366,4  2,4   1:03.92 python3
 9606 nuc       20   0 2440736 388652  97520 S 365,0  2,4   1:14.87 python3
 9606 nuc       20   0 2440736 384436  97520 S 368,8  2,4   1:25.97 python3
 9606 nuc       20   0 2440736 383400  97520 S 363,5  2,4   1:36.91 python3
 9606 nuc       20   0 2440736 383356  97520 S 366,1  2,3   1:47.93 python3
 9606 nuc       20   0 2440736 381720  97520 S 365,8  2,3   1:58.94 python3
 9606 nuc       20   0 2440736 389500  97520 S 365,0  2,4   2:09.89 python3
 9606 nuc       20   0 2440736 382728  97520 S 367,4  2,3   2:20.95 python3
 9606 nuc       20   0 2440736 389240  97520 S 363,1  2,4   2:31.88 python3
 9606 nuc       20   0 2440736 382348  97520 S 366,4  2,3   2:42.91 python3
 9606 nuc       20   0 2440736 386696  97520 S 364,8  2,4   2:53.89 python3
 9606 nuc       20   0 2440736 397312  97520 S 365,7  2,4   3:04.86 python3
 9606 nuc       20   0 2440736 384864  97520 S 369,1  2,4   3:15.97 python3
 9606 nuc       20   0 2440736 388988  97520 S 365,4  2,4   3:26.97 python3
 9606 nuc       20   0 2440736 387408  97520 S 364,8  2,4   3:37.95 python3
 9606 nuc       20   0 2440736 381196  97520 S 368,4  2,3   3:49.04 python3
 9606 nuc       20   0 2457120 396020  97520 S 364,7  2,4   3:59.98 python3
 9606 nuc       20   0 2457120 384696  97520 S 367,1  2,4   4:11.03 python3
 9606 nuc       20   0 2457120 387740  97520 S 364,8  2,4   4:22.01 python3
 9606 nuc       20   0 2457120 394756  97520 S 364,8  2,4   4:32.99 python3
 9606 nuc       20   0 2457120 385260  97520 S 368,1  2,4   4:44.07 python3
 9606 nuc       20   0 2457120 389360  97520 S 367,3  2,4   4:55.09 python3
 9606 nuc       20   0 2457120 383596  97520 S 366,4  2,4   5:06.12 python3
 9606 nuc       20   0 2457120 384984  97520 S 364,1  2,4   5:17.08 python3
 9606 nuc       20   0 2457120 398348  97520 S 364,1  2,4   5:28.04 python3
 9606 nuc       20   0 2457120 383440  97520 S 367,8  2,4   5:39.11 python3
 9606 nuc       20   0 2457120 387668  97520 S 362,8  2,4   5:50.03 python3
 9606 nuc       20   0 2457120 382236  97520 S 366,8  2,3   6:01.07 python3
 9606 nuc       20   0 2457120 386424  97520 S 364,8  2,4   6:12.05 python3
 9606 nuc       20   0 2457120 397564  97520 S 366,0  2,4   6:23.03 python3
 9606 nuc       20   0 2457120 384812  97520 S 366,4  2,4   6:34.06 python3
 9606 nuc       20   0 2457120 394060  97520 S 363,5  2,4   6:45.00 python3
 9606 nuc       20   0 2457120 387132  97520 S 365,4  2,4   6:56.00 python3
 9606 nuc       20   0 2457120 383524  97520 S 367,4  2,4   7:07.06 python3
 9606 nuc       20   0 2457120 395728  97520 S 364,8  2,4   7:18.04 python3
 9606 nuc       20   0 2457120 383476  97520 S 368,3  2,4   7:29.09 python3
 9606 nuc       20   0 2457120 396136  97520 S 364,8  2,4   7:40.07 python3
 9606 nuc       20   0 2457120 390856  97520 S 363,1  2,4   7:51.00 python3
 9606 nuc       20   0 2457120 382072  97520 S 366,8  2,3   8:02.04 python3
 9606 nuc       20   0 2457772 395880  97788 S 364,5  2,4   8:13.01 python3
 9606 nuc       20   0 2457772 388404  97788 S 367,7  2,4   8:24.04 python3
 9606 nuc       20   0 2457772 391196  97788 S 361,1  2,4   8:34.91 python3
 9606 nuc       20   0 2457772 388764  97788 S 362,8  2,4   8:45.83 python3
 9606 nuc       20   0 2457772 389804  97788 S 364,1  2,4   8:56.79 python3
 9606 nuc       20   0 2457772 384980  97788 S 334,9  2,4   9:06.87 python3
 9606 nuc       20   0 2457772 397868  97788 S 346,5  2,4   9:17.30 python3
 9606 nuc       20   0 2457772 391892  97788 S 351,5  2,4   9:27.88 python3
 9606 nuc       20   0 2457772 382064  97788 R 358,8  2,3   9:38.68 python3
 9606 nuc       20   0 2457772 396340  97788 S 354,2  2,4   9:49.34 python3
 9606 nuc       20   0 2457808 384320  98456 S 345,7  2,4   9:59.71 python3
 9606 nuc       20   0 2457808 397712  98456 S 360,8  2,4  10:10.57 python3
 9606 nuc       20   0 2457808 386264  98456 S 365,4  2,4  10:21.57 python3
 9606 nuc       20   0 2457808 390216  98456 S 363,5  2,4  10:32.51 python3
 9606 nuc       20   0 2457808 385056  98456 S 363,5  2,4  10:43.45 python3
 9606 nuc       20   0 2457808 389172  98456 S 362,8  2,4  10:54.37 python3
 9606 nuc       20   0 2457808 390764  98456 S 360,8  2,4  11:05.23 python3
 9606 nuc       20   0 2457808 389636  98456 S 364,1  2,4  11:16.19 python3
 9606 nuc       20   0 2457808 391064  98456 S 358,1  2,4  11:26.97 python3
 9606 nuc       20   0 2457808 384988  98456 S 367,7  2,4  11:38.00 python3
 9606 nuc       20   0 2457808 396744  98456 S 361,1  2,4  11:48.87 python3
 9606 nuc       20   0 2457808 384432  98456 S 366,1  2,4  11:59.89 python3
 9606 nuc       20   0 2457808 390176  98456 S 361,5  2,4  12:10.77 python3
 9606 nuc       20   0 2457808 384836  98456 S 364,5  2,4  12:21.74 python3
 9606 nuc       20   0 2457808 389872  98456 S 365,3  2,4  12:32.70 python3
 9606 nuc       20   0 2457808 390608  98456 S 360,5  2,4  12:43.55 python3
 9606 nuc       20   0 2457808 386744  98456 S 368,1  2,4  12:54.63 python3
 9606 nuc       20   0 2457808 398560  98456 S 361,1  2,4  13:05.50 python3
 9606 nuc       20   0 2457808 386760  98456 S 365,8  2,4  13:16.51 python3
 9606 nuc       20   0 2457808 390680  98456 S 364,0  2,4  13:27.43 python3
 9606 nuc       20   0 2457808 386292  98456 S 363,1  2,4  13:38.36 python3
 9606 nuc       20   0 2457808 388828  98456 S 331,9  2,4  13:48.35 python3
 9606 nuc       20   0 2457808 383708  98456 S 352,5  2,4  13:58.96 python3
 9606 nuc       20   0 2457808 386152  98456 S 343,9  2,4  14:09.31 python3
 9606 nuc       20   0 2457808 389620  98456 S 338,7  2,4  14:19.47 python3
 9606 nuc       20   0 2457808 390812  98456 S 344,2  2,4  14:29.83 python3
 9606 nuc       20   0 2457808 387248  98456 S 346,8  2,4  14:40.27 python3
 9606 nuc       20   0 2457808 397384  98456 S 356,8  2,4  14:51.01 python3
 9606 nuc       20   0 2457808 385344  98456 S 367,1  2,4  15:02.06 python3
 9606 nuc       20   0 2457808 391472  98456 S 365,0  2,4  15:13.01 python3
 9606 nuc       20   0 2457808 391060  98456 S 363,8  2,4  15:23.96 python3
 9606 nuc       20   0 2457808 385904  98456 S 367,8  2,4  15:35.03 python3
 9606 nuc       20   0 2457808 396924  98456 S 363,5  2,4  15:45.97 python3
 9606 nuc       20   0 2457808 386512  98456 S 366,8  2,4  15:57.01 python3
 9606 nuc       20   0 2457808 399860  98456 S 349,3  2,5  16:07.49 python3
 9606 nuc       20   0 2457808 386508  98456 S 357,5  2,4  16:18.25 python3
 9606 nuc       20   0 2457808 390832  98456 S 339,9  2,4  16:28.48 python3
 9606 nuc       20   0 2457808 389588  98456 S 331,9  2,4  16:38.47 python3
 9606 nuc       20   0 2457808 385956  98456 S 332,9  2,4  16:48.49 python3
 9606 nuc       20   0 2457808 390496  98456 S 337,0  2,4  16:58.60 python3
 9606 nuc       20   0 2457808 388896  98456 S 343,2  2,4  17:08.93 python3
 9606 nuc       20   0 2457808 384660  98456 S 340,2  2,4  17:19.17 python3
 9606 nuc       20   0 2457808 391640  98456 S 337,9  2,4  17:29.34 python3
 9606 nuc       20   0 2457808 386652  98456 S 339,2  2,4  17:39.55 python3
 9606 nuc       20   0 2457808 397668  98456 S 335,2  2,4  17:49.64 python3
 9606 nuc       20   0 2457808 385724  98456 S 341,2  2,4  17:59.91 python3
 9606 nuc       20   0 2457808 384992  98456 S 338,2  2,4  18:10.09 python3
 9606 nuc       20   0 2457808 393452  98456 S 338,5  2,4  18:20.28 python3
 9606 nuc       20   0 2457808 385104  98456 S 339,3  2,4  18:30.46 python3
 9606 nuc       20   0 2457808 407256  98456 S 336,5  2,5  18:40.59 python3
 9606 nuc       20   0 2457808 393208  98456 S 339,9  2,4  18:50.82 python3
 9606 nuc       20   0 2457808 387868  98456 S 338,9  2,4  19:01.02 python3
 9606 nuc       20   0 2457808 391196  98456 S 341,5  2,4  19:11.30 python3
 9606 nuc       20   0 2457808 385256  98456 S 339,5  2,4  19:21.52 python3
 9606 nuc       20   0 2457808 401560  98456 S 338,2  2,5  19:31.70 python3
 9606 nuc       20   0 2457808 387028  98456 S 340,5  2,4  19:41.95 python3
 9606 nuc       20   0 2457808 389004  98456 S 337,9  2,4  19:52.12 python3
 9606 nuc       20   0 2457808 382680  98456 S 340,7  2,3  20:02.34 python3
 9606 nuc       20   0 2457808 385740  98456 S 337,5  2,4  20:12.50 python3
 9606 nuc       20   0 2457808 396684  98456 S 339,5  2,4  20:22.72 python3
 9606 nuc       20   0 2457808 385008  98456 S 343,2  2,4  20:33.05 python3
 9606 nuc       20   0 2457808 399024  98456 S 337,9  2,4  20:43.22 python3
 9606 nuc       20   0 2457808 384820  98456 S 341,7  2,4  20:53.47 python3
 9606 nuc       20   0 2457808 389300  98456 S 337,5  2,4  21:03.63 python3
 9606 nuc       20   0 2457808 384804  98456 S 340,5  2,4  21:13.88 python3
 9606 nuc       20   0 2457808 383580  98456 S 337,9  2,4  21:24.05 python3
 9606 nuc       20   0 2457808 392704  98456 S 338,9  2,4  21:34.25 python3
 9606 nuc       20   0 2457808 386628  98456 S 340,9  2,4  21:44.51 python3
 9606 nuc       20   0 2457808 399288  98456 S 339,2  2,4  21:54.72 python3
 9606 nuc       20   0 2457808 383616  98456 S 338,5  2,4  22:04.91 python3
 9606 nuc       20   0 2457808 391608  98456 S 337,9  2,4  22:15.08 python3
 9606 nuc       20   0 2457808 392200  98456 S 341,7  2,4  22:25.33 python3
 9606 nuc       20   0 2457808 386272  98456 S 339,9  2,4  22:35.56 python3
 9606 nuc       20   0 2457808 390780  98456 S 338,2  2,4  22:45.74 python3
 9606 nuc       20   0 2457808 384384  98456 S 339,9  2,4  22:55.97 python3
 9606 nuc       20   0 2457808 397396  98456 S 337,2  2,4  23:06.12 python3
 9606 nuc       20   0 2457808 390812  98456 S 340,2  2,4  23:16.36 python3
 9606 nuc       20   0 2457808 389324  98456 S 337,2  2,4  23:26.51 python3
 9606 nuc       20   0 2457808 389444  98456 S 342,0  2,4  23:36.77 python3
 9606 nuc       20   0 2457808 384960  98456 S 339,5  2,4  23:46.99 python3
 9606 nuc       20   0 2457808 391404  98456 S 340,2  2,4  23:57.23 python3
 9606 nuc       20   0 2457808 385660  98456 S 340,2  2,4  24:07.47 python3
 9606 nuc       20   0 2457808 397484  98456 S 340,2  2,4  24:17.71 python3
 9606 nuc       20   0 2457808 385540  98456 S 339,9  2,4  24:27.94 python3
 9606 nuc       20   0 2457808 389680  98456 S 338,5  2,4  24:38.13 python3
 9606 nuc       20   0 2457808 389316  98456 S 341,7  2,4  24:48.38 python3
 9606 nuc       20   0 2457808 382552  98456 S 337,1  2,3  24:58.56 python3
 9606 nuc       20   0 2457808 388952  98456 S 340,0  2,4  25:08.76 python3
 9606 nuc       20   0 2457808 384928  98456 S 340,9  2,4  25:19.02 python3
 9606 nuc       20   0 2457808 398676  98456 S 338,2  2,4  25:29.20 python3
 9606 nuc       20   0 2457808 384804  98456 S 340,2  2,4  25:39.44 python3
 9606 nuc       20   0 2457808 391052  98456 S 336,5  2,4  25:49.57 python3
 9606 nuc       20   0 2457808 400272  98456 S 342,0  2,5  25:59.83 python3
 9606 nuc       20   0 2457808 384532  98456 S 339,2  2,4  26:10.04 python3
 9606 nuc       20   0 2457808 397436  98456 S 335,9  2,4  26:20.15 python3
 9606 nuc       20   0 2457808 385772  98456 S 338,9  2,4  26:30.35 python3
 9606 nuc       20   0 2457808 398256  98456 S 338,5  2,4  26:40.54 python3
 9606 nuc       20   0 2457808 390536  98456 S 339,3  2,4  26:50.72 python3
 9606 nuc       20   0 2457808 386056  98456 S 337,7  2,4  27:00.92 python3
 9606 nuc       20   0 2457808 391264  98456 S 340,0  2,4  27:11.12 python3
 9606 nuc       20   0 2457808 386136  98456 S 340,2  2,4  27:21.36 python3
 9606 nuc       20   0 2457808 398904  98456 S 337,5  2,4  27:31.52 python3
 9606 nuc       20   0 2457808 386728  98456 S 339,5  2,4  27:41.74 python3
 9606 nuc       20   0 2457808 384172  98456 S 337,2  2,4  27:51.89 python3
 9606 nuc       20   0 2457808 389076  98456 S 342,7  2,4  28:02.17 python3
 9606 nuc       20   0 2457808 386772  98456 S 340,2  2,4  28:12.41 python3
 9606 nuc       20   0 2457808 398640  98456 S 338,2  2,4  28:22.59 python3
 9606 nuc       20   0 2457808 384104  98456 S 336,5  2,4  28:32.72 python3
 9606 nuc       20   0 2457808 390620  98456 S 335,2  2,4  28:42.81 python3
 9606 nuc       20   0 2457808 388804  98456 S 339,5  2,4  28:53.03 python3
 9606 nuc       20   0 2457808 388328  98456 S 340,2  2,4  29:03.27 python3
 9606 nuc       20   0 2457808 394464  98456 S 340,3  2,4  29:13.48 python3
