 9830 nuc       20   0 2291184 358976  96860 S 112,3  2,2   0:03.38 python3
 9830 nuc       20   0 2332144 358272  96860 R 204,3  2,2   0:09.53 python3
 9830 nuc       20   0 2332144 360144  97004 R 207,0  2,2   0:15.76 python3
 9830 nuc       20   0 2332180 359620  97672 S 200,3  2,2   0:21.79 python3
 9830 nuc       20   0 2332436 359376  97672 R 202,7  2,2   0:27.87 python3
 9830 nuc       20   0 2338580 363344  97672 S 203,0  2,2   0:33.98 python3
 9830 nuc       20   0 2338580 365488  97672 S 200,3  2,2   0:40.01 python3
 9830 nuc       20   0 2338580 365940  97672 S 200,3  2,2   0:46.04 python3
 9830 nuc       20   0 2338580 360712  97672 R 208,3  2,2   0:52.31 python3
 9830 nuc       20   0 2338580 363648  97672 S 210,0  2,2   0:58.63 python3
 9830 nuc       20   0 2338580 364084  97672 S 209,0  2,2   1:04.92 python3
 9830 nuc       20   0 2338580 363500  97672 S 211,3  2,2   1:11.28 python3
 9830 nuc       20   0 2338836 363864  97672 S 207,6  2,2   1:17.53 python3
 9830 nuc       20   0 2338836 363344  97672 R 210,3  2,2   1:23.84 python3
 9830 nuc       20   0 2338836 362576  97672 S 206,0  2,2   1:30.04 python3
 9830 nuc       20   0 2338836 361648  97672 S 203,0  2,2   1:36.15 python3
 9830 nuc       20   0 2338836 360892  97672 S 212,0  2,2   1:42.53 python3
 9830 nuc       20   0 2338836 361872  97672 S 210,3  2,2   1:48.86 python3
 9830 nuc       20   0 2339092 361288  97672 R 206,7  2,2   1:55.06 python3
 9830 nuc       20   0 2339092 362076  97672 R 211,6  2,2   2:01.43 python3
 9830 nuc       20   0 2339092 361460  97672 R 210,6  2,2   2:07.77 python3
 9830 nuc       20   0 2345236 367652  97672 S 204,3  2,3   2:13.92 python3
 9830 nuc       20   0 2345236 362592  97672 R 209,6  2,2   2:20.23 python3
 9830 nuc       20   0 2345236 362320  97672 S 206,3  2,2   2:26.42 python3
 9830 nuc       20   0 2345236 361828  97672 R 206,6  2,2   2:32.64 python3
 9830 nuc       20   0 2345492 361404  97672 R 211,6  2,2   2:39.01 python3
 9830 nuc       20   0 2345492 369156  97672 S 214,0  2,3   2:45.43 python3
 9830 nuc       20   0 2345492 362644  97672 S 215,0  2,2   2:51.90 python3
 9830 nuc       20   0 2345492 363432  97672 R 213,6  2,2   2:58.33 python3
 9830 nuc       20   0 2345492 364012  97672 R 212,6  2,2   3:04.73 python3
 9830 nuc       20   0 2345492 363620  97672 R 212,0  2,2   3:11.11 python3
 9830 nuc       20   0 2345492 361248  97672 R 213,6  2,2   3:17.54 python3
 9830 nuc       20   0 2345748 366804  97672 S 213,7  2,2   3:23.95 python3
 9830 nuc       20   0 2345748 364368  97672 S 213,0  2,2   3:30.36 python3
 9830 nuc       20   0 2345748 360876  97672 R 214,0  2,2   3:36.80 python3
 9830 nuc       20   0 2345748 363556  97672 R 212,0  2,2   3:43.18 python3
 9830 nuc       20   0 2345748 361004  97672 R 212,0  2,2   3:49.56 python3
 9830 nuc       20   0 2345748 363464  97672 S 214,0  2,2   3:56.00 python3
 9830 nuc       20   0 2346004 366536  97672 S 212,3  2,2   4:02.37 python3
 9830 nuc       20   0 2346004 362192  97672 S 213,0  2,2   4:08.78 python3
 9830 nuc       20   0 2346004 361040  97672 R 214,0  2,2   4:15.22 python3
 9830 nuc       20   0 2346004 361160  97672 R 213,0  2,2   4:21.63 python3
 9830 nuc       20   0 2346004 364184  97672 S 212,3  2,2   4:28.02 python3
 9830 nuc       20   0 2346004 361044  97672 S 214,3  2,2   4:34.47 python3
 9830 nuc       20   0 2346004 365428  97672 S 213,6  2,2   4:40.90 python3
 9830 nuc       20   0 2346260 363192  97672 S 214,0  2,2   4:47.32 python3
 9830 nuc       20   0 2346260 362064  97672 R 213,0  2,2   4:53.73 python3
